#3054
21052231291326
42376985649861
57841608571953
91761421426192
42735249003025
31206387543085
40193181269711
41924126127121

#3354
18502911207326
42376385639861
57841608571953
91761421426192
92035249003025
31206387543085
80193811269712
43924123127123

#3442
60752941232036
92376385637863
46841608571953
51761421426192
92035249003028
51257387543085
80193811269712
43924123127123

#3506
23702916422830
91376385637803
46841608571953
63461421426192
98095249003028
51257387543083
40193061269714
53924112127124

#3858
43702916428628
91376385637843
96841608571953
63461421426192
68095249003028
01257387543083
40193061269753
53924113127102

#3946
43702941428628
41376385637863
95841608571953
63461421426192
68095249003028
01257387543083
40193061269753
53924117327102

#3967
37947941620524
81306385637861
86213608571983
13461421425192
37095249123026
71257387540876
87493062839159
34920194124933

#4427
72905414230264
15056295847832
14913608571981
23491371629164
37682280123027
51653840540872
52403596374159
63241729733543

#4467
32812714329475
46907830278392
19034506791723
21341251450143
76856378123475
48605996839609
32824125601698
13792482542232

#4467
43866311644253
26180937253091
95724072590814
34062108916243
82687916374538
51354764230974
40715435821891
64210322815382

#4654
76226114305839
46148326437583
35084075291404
73279108915296
89617216372539
13504325637401
14093788518646
41628419446923

#4984
96226114905834
76148326437583
43084075291407
94279108915296
89617216372539
13504325637401
34093788578641
66428916416595


